81 0
203 0
220 0
322 0
441 0
505 0
550 0
725 0
955 0
1039 0
1088 0
1125 0
1457 0
1498 0
1693 0
1789 0
1858 0
1916 0
1919 0
1949 0
1960 0
1983 0
2064 0
2202 0
2228 0
2240 0
2257 0
2462 0
2467 0
2474 0
2565 0
2725 0
2742 0
2827 0
2956 0
3001 0
3007 0
3043 0
3067 0
3077 0
3092 0
3103 0
3111 0
3122 0
3128 0
3131 0
3133 0
3192 0
3219 0
3222 0
3360 0
3378 0
3435 0
3474 0
3482 0
3483 0
3514 0
3533 0
3534 0
3539 0
3542 0
3564 0
3584 0
3612 0
3660 0
3735 0
3762 0
3825 0
3982 0
4067 0
4088 0
4666 0
4768 0
5042 0
5070 0
5113 0
5190 0
5201 0
5223 0
5237 0
5269 0
5270 0
5272 0
5328 0
5330 0
5358 0
5360 0
5661 0
5670 0
5672 0
5719 0
5727 0
5780 0
5819 0
5822 0
5858 0
5905 0
5909 0
5910 0
5945 0
6083 0
6091 0
6350 0
6352 0
6361 0
6369 0
6453 0
6483 0
6511 0
6655 0
6708 0
6764 0
6770 0
6914 0
6961 0
6981 0
7012 0
7020 0
7027 0
7030 0
7080 0
7100 0
7310 0
7366 0
7386 0
7539 0
7568 0
7576 0
7609 0
7704 0
7710 0
7715 0
7733 0
7984 0
8064 0
8069 0
8074 0
8096 0
8103 0
8177 0
8184 0
8199 0
8234 0
8314 0
8344 0
8428 0
8578 0
8607 0
8629 0
8658 0
8677 0
8678 0
8710 0
8728 0
8747 0
8760 0
8806 0
8991 0
9064 0
9142 0
9217 0
9218 0
9299 0
9644 0
9675 0
9745 0
9781 0
9880 0
9975 0
9978 0
10025 0
10049 0
10156 0
10191 0
10321 0
10347 0
10354 0
10356 0
10358 0
10416 0
10418 0
10545 0
10618 0
10638 0
10661 0
10704 0
10710 0
10755 0
10774 0
10796 0
10864 0
10989 0
11048 0
11123 0
11193 0
11234 0
11284 0
11425 0
11734 0
11746 0
11773 0
11794 0
11798 0
11817 0
11831 0
11832 0
11848 0
11861 0
11907 0
11913 0
11934 0
11946 0
11981 0
11982 0
12073 0
12084 0
12093 0
12101 0
12125 0
12131 0
12147 0
12197 0
12229 0
12246 0
12259 0
12260 0
12302 0
12316 0
12333 0
12395 0
12397 0
12398 0
12400 0
12413 0
12469 0
12488 0
12523 0
12627 0
12632 0
12654 0
12731 0
12732 0
12774 0
12785 0
12846 0
12891 0
13024 0
13046 0
13105 0
13163 0
13245 0
13262 0
13321 0
13404 0
13543 0
13552 0
13739 0
14055 0
14156 0
14270 0
14715 0
14843 0
14873 0
15096 0
15110 0
15384 0
15523 0
15717 0
15951 0
16075 0
16133 0
16150 0
16177 0
16188 0
16213 0
16251 0
16285 0
16761 0
16770 0
16922 0
16955 0
16969 0
16978 0
17005 0
17036 0
17042 0
17071 0
17077 0
17089 0
17199 0
17246 0
17247 0
17248 0
17258 0
17284 0
17292 0
17306 0
17352 0
17448 0
17470 0
17523 0
17593 0
17847 0
17872 0
17877 0
17899 0
17930 0
17943 0
17980 0
18050 0
18362 0
18445 0
18488 0
18520 0
18564 0
18686 0
19022 0
19180 0
19191 0
19412 0
19489 0
19511 0
20012 0
20013 0
20038 0
20048 0
20089 0
20159 0
20262 0
21342 0
47 1
338 1
342 1
354 1
718 1
894 1
925 1
991 1
1022 1
1197 1
1201 1
1226 1
1356 1
1499 1
1656 1
1675 1
1731 1
1809 1
1839 1
1863 1
1871 1
1934 1
1951 1
1963 1
2025 1
2118 1
2417 1
2499 1
2620 1
2648 1
2862 1
3078 1
3199 1
3441 1
3446 1
3449 1
3528 1
3553 1
3770 1
3902 1
3931 1
3957 1
4026 1
4031 1
4048 1
4156 1
4172 1
4259 1
4513 1
4552 1
4595 1
4632 1
4654 1
4665 1
4717 1
4903 1
5057 1
5160 1
5176 1
5183 1
5191 1
5220 1
5288 1
5376 1
5507 1
5561 1
5717 1
5752 1
5810 1
5850 1
5895 1
5908 1
5964 1
5973 1
6346 1
6716 1
6757 1
6866 1
6926 1
7011 1
7087 1
7135 1
7477 1
7521 1
7600 1
7626 1
7632 1
7643 1
7771 1
7802 1
7907 1
7950 1
8029 1
8044 1
8080 1
8102 1
8106 1
8141 1
8151 1
8186 1
8198 1
8240 1
8244 1
8252 1
8563 1
8592 1
8599 1
8602 1
8608 1
8635 1
8637 1
8662 1
8663 1
8667 1
8676 1
8692 1
8699 1
8725 1
8982 1
9015 1
9076 1
9134 1
9194 1
9220 1
9315 1
9415 1
9515 1
9532 1
9554 1
9582 1
9603 1
9628 1
9657 1
9689 1
9704 1
9712 1
9763 1
9764 1
9777 1
9847 1
9923 1
9988 1
10209 1
10255 1
10264 1
10265 1
10352 1
10355 1
10375 1
10455 1
10530 1
10593 1
10606 1
10608 1
10623 1
10625 1
10642 1
10665 1
10695 1
10709 1
10734 1
10767 1
10773 1
10779 1
10781 1
10905 1
11076 1
11174 1
11175 1
11198 1
11222 1
11225 1
11260 1
11287 1
11352 1
11357 1
11390 1
11397 1
11446 1
11460 1
11461 1
11487 1
11498 1
11545 1
11555 1
11558 1
11574 1
11580 1
11658 1
11830 1
12457 1
12461 1
12472 1
12473 1
12563 1
12564 1
12604 1
12609 1
12623 1
12755 1
12791 1
12830 1
12842 1
12848 1
13039 1
13045 1
13649 1
13908 1
14012 1
14199 1
14220 1
14739 1
14757 1
14826 1
14881 1
14904 1
14912 1
14987 1
15154 1
15171 1
15223 1
15352 1
15386 1
15447 1
15450 1
15656 1
15666 1
15840 1
16088 1
16094 1
16095 1
16139 1
16256 1
16257 1
16357 1
16442 1
16505 1
16723 1
16745 1
16762 1
16774 1
16777 1
16787 1
16788 1
16794 1
16856 1
16871 1
16926 1
16929 1
16932 1
16935 1
16957 1
16963 1
16964 1
16970 1
16973 1
16985 1
17023 1
17075 1
17083 1
17152 1
17157 1
17194 1
17201 1
17216 1
17224 1
17245 1
17256 1
17269 1
17274 1
17277 1
17279 1
17282 1
17285 1
17304 1
17305 1
17335 1
17338 1
17449 1
17452 1
17511 1
17948 1
18104 1
18148 1
18302 1
18399 1
18415 1
18443 1
18472 1
18519 1
18835 1
18992 1
19033 1
19163 1
19273 1
19293 1
19373 1
19377 1
19432 1
19433 1
19546 1
19658 1
20409 1
20439 1
20787 1
20829 1
20865 1
20922 1
20989 1
21391 1
127 2
144 2
191 2
194 2
236 2
242 2
246 2
248 2
273 2
349 2
352 2
353 2
489 2
502 2
543 2
873 2
918 2
930 2
945 2
952 2
1306 2
1387 2
1616 2
1692 2
1711 2
1875 2
1909 2
1990 2
2046 2
2121 2
2231 2
2383 2
2449 2
2522 2
2530 2
2585 2
2688 2
2767 2
2775 2
2838 2
2970 2
2973 2
2998 2
3048 2
3189 2
3303 2
3332 2
3342 2
3364 2
3389 2
3430 2
3452 2
3455 2
3490 2
3505 2
3507 2
3509 2
3556 2
3563 2
3571 2
3594 2
3609 2
3843 2
3846 2
3980 2
3985 2
4028 2
4039 2
4041 2
4125 2
4129 2
4174 2
4246 2
4340 2
4365 2
4386 2
4429 2
4453 2
4474 2
4481 2
4576 2
4584 2
4593 2
4600 2
4604 2
4609 2
4662 2
4664 2
4689 2
4713 2
4714 2
4835 2
4983 2
5118 2
5123 2
5125 2
5167 2
5171 2
5244 2
5255 2
5268 2
5273 2
5281 2
5559 2
5796 2
6023 2
6060 2
6111 2
6119 2
6121 2
6125 2
6163 2
6169 2
6177 2
6184 2
6208 2
6264 2
6348 2
6413 2
6432 2
6598 2
6746 2
6996 2
7097 2
7496 2
7529 2
7611 2
7618 2
8117 2
8119 2
8131 2
8134 2
8167 2
8405 2
8478 2
8493 2
8598 2
8606 2
8610 2
8672 2
8765 2
8914 2
9031 2
9253 2
9293 2
9352 2
9445 2
9674 2
10080 2
10192 2
10200 2
10947 2
11007 2
11025 2
11118 2
11149 2
11232 2
11393 2
11403 2
11455 2
11559 2
11639 2
11723 2
12344 2
12647 2
12680 2
13096 2
13115 2
13184 2
13200 2
13236 2
13266 2
13276 2
13280 2
13281 2
13290 2
13611 2
14395 2
15244 2
15939 2
16005 2
16077 2
16607 2
16636 2
16649 2
16651 2
16658 2
16739 2
16968 2
17054 2
17236 2
17254 2
17289 2
17291 2
17298 2
17329 2
17359 2
17405 2
17408 2
17419 2
17429 2
17431 2
17433 2
17478 2
17771 2
17780 2
17816 2
17875 2
17892 2
17929 2
17963 2
18066 2
18085 2
18108 2
18186 2
18234 2
18332 2
18389 2
18448 2
18493 2
18523 2
18567 2
18621 2
18689 2
18698 2
18728 2
18736 2
18738 2
18746 2
18754 2
18765 2
18773 2
18795 2
18810 2
18840 2
19128 2
19193 2
19285 2
19291 2
19499 2
19505 2
19506 2
19509 2
19556 2
19559 2
19560 2
19832 2
19844 2
19927 2
19998 2
20008 2
20090 2
20095 2
20270 2
20341 2
20420 2
20459 2
20474 2
20709 2
20721 2
20869 2
20878 2
20919 2
20936 2
21067 2
21076 2
21131 2
21267 2
21363 2
21568 2
24 3
37 3
41 3
98 3
138 3
151 3
202 3
210 3
212 3
388 3
410 3
484 3
490 3
534 3
538 3
539 3
680 3
699 3
731 3
734 3
739 3
758 3
780 3
781 3
837 3
848 3
859 3
1003 3
1007 3
1011 3
1017 3
1080 3
1084 3
1101 3
1117 3
1138 3
1157 3
1191 3
1200 3
1225 3
1258 3
1271 3
1284 3
1288 3
1301 3
1311 3
1328 3
1355 3
1366 3
1375 3
1433 3
1438 3
1445 3
1446 3
1449 3
1469 3
1528 3
1541 3
1602 3
1608 3
1633 3
1639 3
1643 3
1655 3
1706 3
1752 3
1759 3
1768 3
1837 3
1861 3
1872 3
1877 3
2016 3
2026 3
2028 3
2167 3
2188 3
2227 3
2234 3
2249 3
2252 3
2270 3
2275 3
2276 3
2309 3
2335 3
2350 3
2429 3
2437 3
2478 3
2479 3
2488 3
2518 3
2519 3
2539 3
2558 3
2567 3
2602 3
2613 3
2645 3
2663 3
2667 3
2687 3
2700 3
2708 3
2748 3
2754 3
2756 3
2761 3
2807 3
2820 3
2825 3
2826 3
2834 3
2850 3
2866 3
2877 3
2918 3
2919 3
2938 3
3602 3
3626 3
3631 3
3634 3
3669 3
3680 3
3713 3
3740 3
3755 3
3771 3
3801 3
3806 3
3817 3
3870 3
3872 3
3874 3
3894 3
3900 3
3909 3
3946 3
3952 3
3958 3
3977 3
4000 3
4012 3
4142 3
4157 3
4258 3
4261 3
4337 3
4341 3
4346 3
4358 3
4361 3
4363 3
4370 3
4378 3
4385 3
4404 3
4420 3
4476 3
4504 3
4517 3
4554 3
4581 3
4745 3
4775 3
4892 3
4901 3
4914 3
4920 3
4930 3
4954 3
4972 3
4974 3
5013 3
5015 3
5018 3
5034 3
5043 3
5048 3
5050 3
5051 3
5072 3
5076 3
5078 3
5084 3
5105 3
5313 3
5316 3
5317 3
5321 3
5327 3
5342 3
5354 3
5359 3
5416 3
5452 3
5461 3
5475 3
5501 3
5530 3
5538 3
5543 3
5544 3
5545 3
5555 3
5573 3
5575 3
5592 3
5595 3
5600 3
5602 3
5617 3
5624 3
5629 3
5654 3
5657 3
5669 3
5679 3
5723 3
5725 3
5741 3
5758 3
5906 3
5925 3
5931 3
5968 3
5976 3
5984 3
5991 3
6042 3
6051 3
6078 3
6102 3
6138 3
6149 3
6187 3
6211 3
6227 3
6232 3
6234 3
6242 3
6243 3
6244 3
6248 3
6257 3
6271 3
6288 3
6298 3
6299 3
6309 3
6310 3
6313 3
6325 3
6420 3
6458 3
6496 3
6500 3
6504 3
6520 3
6522 3
6524 3
6540 3
6551 3
6552 3
6573 3
6594 3
6668 3
6670 3
6672 3
6679 3
6680 3
6681 3
6701 3
6711 3
6747 3
6759 3
6783 3
6809 3
6814 3
6850 3
6860 3
7048 3
7092 3
7184 3
7191 3
7193 3
7229 3
7261 3
7302 3
7330 3
7388 3
7398 3
7410 3
7432 3
7438 3
7439 3
7444 3
7449 3
7455 3
7462 3
7468 3
7483 3
7516 3
7621 3
7676 3
7730 3
7739 3
7755 3
7762 3
7774 3
7887 3
7914 3
7953 3
8026 3
8027 3
8030 3
8036 3
8045 3
8047 3
8219 3
8286 3
8289 3
8291 3
8296 3
8297 3
8300 3
8317 3
8335 3
8337 3
8339 3
8388 3
8391 3
8399 3
8424 3
8425 3
8447 3
8448 3
8457 3
8481 3
8487 3
8488 3
8521 3
8530 3
8559 3
8577 3
8580 3
8582 3
8742 3
8814 3
8879 3
8893 3
8899 3
8915 3
8935 3
8965 3
8969 3
8995 3
9003 3
9034 3
9097 3
9101 3
9113 3
9237 3
9287 3
9312 3
9334 3
9389 3
9425 3
9428 3
9475 3
9525 3
9562 3
9566 3
9605 3
9610 3
9611 3
9625 3
9647 3
9652 3
9807 3
9894 3
9896 3
9930 3
9937 3
9965 3
9970 3
9994 3
10008 3
10027 3
10032 3
10040 3
10046 3
10053 3
10083 3
10089 3
10094 3
10165 3
10185 3
10227 3
10253 3
10427 3
10459 3
10500 3
10524 3
10534 3
10538 3
10556 3
10561 3
10597 3
10599 3
10600 3
10839 3
10856 3
10870 3
10879 3
10884 3
10919 3
10923 3
10925 3
10963 3
10964 3
10966 3
10973 3
10983 3
10999 3
11018 3
11019 3
11028 3
11031 3
11036 3
11046 3
11058 3
11106 3
11128 3
11132 3
11153 3
11300 3
11305 3
11306 3
11308 3
11317 3
11338 3
11340 3
11354 3
11407 3
11416 3
11424 3
11429 3
11452 3
11529 3
11565 3
11567 3
11568 3
11578 3
11588 3
11614 3
11622 3
11630 3
11644 3
11683 3
11684 3
11687 3
11689 3
11690 3
11696 3
11700 3
11750 3
11754 3
11758 3
11877 3
11878 3
11884 3
11904 3
11966 3
11967 3
11978 3
11993 3
12017 3
12031 3
12035 3
12077 3
12078 3
12079 3
12115 3
12154 3
12163 3
12166 3
12169 3
12176 3
12182 3
12239 3
12244 3
12255 3
12271 3
12294 3
12351 3
12353 3
12362 3
12379 3
12382 3
12506 3
12516 3
12569 3
12572 3
12613 3
12649 3
12658 3
12659 3
12681 3
12705 3
12860 3
12874 3
12914 3
13025 3
13032 3
13093 3
13110 3
13113 3
13118 3
13131 3
13138 3
13165 3
13203 3
13214 3
14103 3
14524 3
14540 3
14569 3
14630 3
14646 3
14744 3
14963 3
14983 3
14995 3
15104 3
15130 3
15152 3
15153 3
15188 3
15259 3
15307 3
15315 3
15327 3
15354 3
15477 3
15482 3
15679 3
15733 3
15769 3
15777 3
15797 3
15984 3
16016 3
16030 3
16045 3
16055 3
16086 3
16219 3
16244 3
16337 3
16342 3
16348 3
16400 3
16422 3
16432 3
16441 3
16480 3
16561 3
16590 3
16665 3
16719 3
16798 3
16804 3
16806 3
16807 3
16808 3
16817 3
16848 3
16850 3
16886 3
16888 3
16911 3
16912 3
16918 3
17035 3
17558 3
17607 3
17661 3
17672 3
17685 3
17773 3
17788 3
17791 3
17811 3
17848 3
17967 3
17975 3
18166 3
18307 3
18308 3
18591 3
18606 3
18708 3
18713 3
18719 3
18828 3
18830 3
18832 3
18955 3
18997 3
19178 3
19267 3
19304 3
19365 3
19374 3
19375 3
19410 3
19440 3
19459 3
19466 3
19474 3
19639 3
19651 3
19712 3
19784 3
19790 3
19812 3
19815 3
19862 3
19957 3
20176 3
20308 3
20319 3
20363 3
20374 3
20380 3
20381 3
20419 3
20432 3
20480 3
20507 3
20567 3
20600 3
20634 3
20646 3
20651 3
20655 3
20657 3
20669 3
20670 3
20673 3
20685 3
20708 3
20712 3
20736 3
20746 3
20753 3
20770 3
20793 3
20802 3
20804 3
20879 3
20927 3
20947 3
20949 3
20976 3
21034 3
21047 3
21106 3
21175 3
21176 3
21178 3
21192 3
21193 3
21196 3
21203 3
21208 3
21214 3
21222 3
21233 3
21244 3
21283 3
21286 3
21295 3
21300 3
21406 3
21447 3
21460 3
21488 3
36 4
53 4
71 4
83 4
85 4
86 4
87 4
89 4
108 4
139 4
143 4
152 4
163 4
165 4
166 4
423 4
461 4
470 4
506 4
508 4
509 4
512 4
513 4
514 4
517 4
521 4
529 4
531 4
536 4
546 4
548 4
554 4
707 4
722 4
776 4
828 4
866 4
1065 4
1066 4
1090 4
1169 4
1170 4
1234 4
1239 4
1244 4
1277 4
1298 4
1322 4
1326 4
1341 4
1342 4
1345 4
1363 4
1378 4
1382 4
1420 4
1471 4
1483 4
1496 4
1545 4
1546 4
1555 4
1567 4
1568 4
1586 4
1648 4
1653 4
1708 4
1714 4
1716 4
1763 4
1767 4
1769 4
1783 4
1797 4
1814 4
1820 4
1824 4
1873 4
2049 4
2153 4
2154 4
2163 4
2211 4
2213 4
2238 4
2332 4
2339 4
2340 4
2346 4
2347 4
2348 4
2385 4
2391 4
2396 4
2397 4
2440 4
2482 4
2494 4
2579 4
2584 4
2591 4
2608 4
2771 4
2772 4
2773 4
2779 4
2781 4
2787 4
2809 4
2849 4
2886 4
2908 4
2915 4
2928 4
3580 4
3601 4
3647 4
3651 4
3674 4
3734 4
3757 4
3763 4
3764 4
3765 4
3774 4
3787 4
3788 4
3807 4
3808 4
3858 4
3875 4
3905 4
3917 4
3944 4
4025 4
4144 4
4177 4
4193 4
4210 4
4220 4
4228 4
4240 4
4241 4
4245 4
4253 4
4285 4
4331 4
4344 4
4380 4
4384 4
4387 4
4388 4
4389 4
4397 4
4398 4
4399 4
4412 4
4439 4
4440 4
4446 4
4452 4
4459 4
4523 4
4560 4
4780 4
4801 4
4821 4
4900 4
4956 4
4990 4
4991 4
4998 4
5012 4
5021 4
5054 4
5083 4
5085 4
5086 4
5346 4
5414 4
5502 4
5522 4
5528 4
5546 4
5593 4
5603 4
5604 4
5662 4
5663 4
5687 4
5701 4
5707 4
5720 4
5721 4
5722 4
5729 4
5742 4
5901 4
5914 4
5938 4
5960 4
6033 4
6043 4
6088 4
6130 4
6154 4
6155 4
6205 4
6235 4
6252 4
6275 4
6280 4
6295 4
6305 4
6324 4
6457 4
6460 4
6474 4
6506 4
6509 4
6514 4
6528 4
6568 4
6572 4
6575 4
6629 4
6647 4
6673 4
6683 4
6684 4
6685 4
6686 4
6705 4
6709 4
6730 4
6733 4
6739 4
6741 4
6761 4
6773 4
6776 4
6777 4
6794 4
6801 4
6802 4
6825 4
6827 4
6861 4
6875 4
6881 4
6917 4
6931 4
7076 4
7077 4
7132 4
7146 4
7148 4
7167 4
7235 4
7250 4
7266 4
7267 4
7275 4
7277 4
7278 4
7279 4
7286 4
7297 4
7320 4
7346 4
7385 4
7413 4
7474 4
7487 4
7488 4
7498 4
7517 4
7518 4
7519 4
7520 4
7622 4
7657 4
7681 4
7682 4
7702 4
7709 4
7732 4
7746 4
7761 4
7766 4
7768 4
7776 4
7782 4
7835 4
7837 4
7840 4
7845 4
7850 4
7851 4
7861 4
7894 4
7913 4
7942 4
7955 4
7956 4
7990 4
8016 4
8028 4
8269 4
8378 4
8426 4
8490 4
8491 4
8501 4
8502 4
8555 4
8556 4
8724 4
8736 4
8785 4
8788 4
8808 4
8898 4
8908 4
8912 4
8928 4
8930 4
8968 4
9044 4
9056 4
9074 4
9116 4
9117 4
9240 4
9255 4
9266 4
9271 4
9272 4
9306 4
9313 4
9335 4
9354 4
9369 4
9385 4
9422 4
9477 4
9503 4
9530 4
9531 4
9547 4
9551 4
9577 4
9578 4
9580 4
9587 4
9588 4
9612 4
9613 4
9671 4
9827 4
9868 4
9875 4
9878 4
9901 4
9902 4
9936 4
9992 4
9993 4
10061 4
10074 4
10076 4
10092 4
10109 4
10162 4
10163 4
10186 4
10242 4
10243 4
10402 4
10439 4
10484 4
10542 4
10565 4
11057 4
11098 4
11154 4
11428 4
11433 4
11476 4
11571 4
11572 4
11628 4
11756 4
11908 4
11930 4
11994 4
12001 4
12036 4
12064 4
12067 4
12119 4
12128 4
12184 4
12185 4
12227 4
12304 4
12580 4
12897 4
12962 4
13006 4
13059 4
13126 4
13204 4
13223 4
13224 4
14166 4
14168 4
14316 4
14402 4
14545 4
14547 4
14549 4
14550 4
14551 4
14586 4
14751 4
14934 4
15012 4
15032 4
15077 4
15078 4
15082 4
15118 4
15157 4
15193 4
15197 4
15208 4
15258 4
15283 4
15299 4
15300 4
15457 4
15496 4
15637 4
15688 4
15702 4
15707 4
15708 4
15709 4
15759 4
15780 4
15897 4
15901 4
15902 4
15930 4
15933 4
15934 4
16003 4
16390 4
16401 4
16437 4
16518 4
16653 4
16678 4
16679 4
16717 4
16726 4
16834 4
16835 4
16836 4
16837 4
16838 4
16839 4
16884 4
17554 4
20514 4
21372 4
59 5
124 5
198 5
225 5
233 5
317 5
889 5
895 5
896 5
940 5
1019 5
1068 5
1078 5
1102 5
1272 5
1427 5
1478 5
1550 5
1785 5
1815 5
1933 5
1971 5
1995 5
2001 5
2027 5
2155 5
2374 5
2529 5
2554 5
2843 5
2952 5
2979 5
2994 5
3053 5
3073 5
3216 5
3253 5
3345 5
3351 5
3371 5
3466 5
3472 5
3520 5
3630 5
3661 5
3688 5
3694 5
3702 5
3777 5
3800 5
3838 5
4074 5
4080 5
4132 5
4165 5
4458 5
4525 5
4637 5
4686 5
4691 5
4695 5
4881 5
5172 5
5194 5
5207 5
5210 5
5318 5
5447 5
5453 5
5511 5
5708 5
5782 5
5787 5
5805 5
5807 5
5830 5
5849 5
5879 5
5985 5
5998 5
6178 5
6353 5
6376 5
6384 5
6481 5
6494 5
6758 5
6797 5
6816 5
6929 5
6943 5
7029 5
7031 5
7067 5
7075 5
7222 5
7287 5
7424 5
7475 5
7583 5
7674 5
7797 5
8094 5
8098 5
8172 5
8209 5
8347 5
8453 5
8506 5
8569 5
8681 5
8757 5
8802 5
8835 5
9182 5
9196 5
9206 5
9343 5
9472 5
9700 5
9706 5
9752 5
9760 5
9769 5
9792 5
9809 5
9841 5
10224 5
10240 5
10289 5
10464 5
10693 5
10703 5
10708 5
10746 5
10827 5
11030 5
11103 5
11191 5
11291 5
11327 5
11789 5
11795 5
11858 5
11940 5
11941 5
11960 5
12010 5
12016 5
12040 5
12091 5
12102 5
12112 5
12122 5
12135 5
12235 5
12249 5
12274 5
12278 5
12336 5
12483 5
12509 5
12514 5
12571 5
12592 5
12657 5
12685 5
12687 5
12694 5
12696 5
12788 5
12799 5
12810 5
12880 5
12908 5
12912 5
12919 5
13008 5
13070 5
13172 5
13231 5
13258 5
13261 5
13274 5
13291 5
13530 5
14642 5
14771 5
14785 5
14828 5
14918 5
15049 5
15410 5
15448 5
15550 5
15551 5
15560 5
15578 5
15579 5
15610 5
16074 5
16096 5
16103 5
16120 5
16125 5
16126 5
16143 5
16149 5
16196 5
16197 5
16201 5
16241 5
16274 5
16282 5
16304 5
16331 5
16407 5
16429 5
16652 5
16681 5
16710 5
16740 5
16779 5
16950 5
16987 5
16993 5
17027 5
17052 5
17067 5
17128 5
17191 5
17239 5
17343 5
17372 5
17406 5
17434 5
17442 5
17633 5
17758 5
17896 5
17906 5
17952 5
18009 5
18095 5
18374 5
18432 5
18433 5
18437 5
18455 5
18465 5
18487 5
18490 5
18495 5
18549 5
18595 5
18994 5
19041 5
19081 5
19167 5
19359 5
19478 5
19512 5
19529 5
19625 5
19653 5
19913 5
20025 5
20247 5
20532 5
21343 5
21491 5
21532 5
21574 5
48 6
80 6
82 6
111 6
271 6
279 6
284 6
323 6
378 6
416 6
438 6
439 6
524 6
924 6
1047 6
1124 6
1174 6
1308 6
1696 6
1898 6
1913 6
1917 6
1924 6
1932 6
2065 6
2109 6
2110 6
2149 6
2468 6
2858 6
2985 6
2993 6
3348 6
3554 6
3760 6
3867 6
3930 6
4065 6
4084 6
4098 6
4113 6
4115 6
4238 6
4338 6
4519 6
4544 6
4644 6
4756 6
4773 6
4987 6
5146 6
5216 6
5235 6
5236 6
5274 6
5371 6
5402 6
5470 6
5472 6
5508 6
5684 6
5692 6
5767 6
5815 6
6075 6
6201 6
6507 6
6583 6
6601 6
6952 6
6964 6
6970 6
6972 6
6976 6
7049 6
7102 6
7221 6
7421 6
7427 6
7437 6
7541 6
7544 6
7555 6
7757 6
7818 6
7994 6
8087 6
8212 6
8449 6
8475 6
8636 6
8777 6
8829 6
9012 6
9133 6
9146 6
9158 6
9171 6
9181 6
9417 6
9697 6
9707 6
9728 6
9761 6
9787 6
9822 6
9905 6
10155 6
10183 6
10262 6
10315 6
10632 6
10634 6
10688 6
10699 6
10715 6
10754 6
10756 6
11059 6
11228 6
11241 6
11256 6
11413 6
11771 6
11787 6
11802 6
11864 6
12394 6
12432 6
12480 6
12628 6
12630 6
12703 6
12706 6
12714 6
12748 6
12841 6
12875 6
13019 6
13255 6
13471 6
13482 6
14417 6
14573 6
15026 6
15321 6
15326 6
15348 6
15356 6
15391 6
15397 6
15406 6
15430 6
15680 6
15723 6
15753 6
15800 6
15822 6
15832 6
15833 6
15950 6
15969 6
15989 6
16246 6
16294 6
16315 6
16324 6
16380 6
16487 6
16545 6
16546 6
16585 6
16650 6
16664 6
16670 6
16698 6
16725 6
16893 6
16908 6
16913 6
16939 6
17000 6
17062 6
17169 6
17251 6
17260 6
17316 6
17440 6
17619 6
17887 6
17933 6
18061 6
18096 6
18109 6
18321 6
18481 6
18527 6
18749 6
19017 6
19037 6
19044 6
19045 6
19053 6
19062 6
19073 6
19198 6
19515 6
19539 6
19562 6
19571 6
19788 6
20170 6
20264 6
20334 6
20393 6
20412 6
20494 6
20791 6
20807 6
20826 6
20837 6
21016 6
21109 6
21113 6
21142 6
21146 6
21378 6
21388 6
21403 6
21551 6
21553 6
21562 6
9 7
113 7
146 7
147 7
404 7
405 7
406 7
407 7
480 7
555 7
811 7
817 7
865 7
1071 7
1173 7
1287 7
1359 7
1360 7
1563 7
1571 7
1729 7
1747 7
1794 7
2079 7
2198 7
2230 7
2259 7
2308 7
2379 7
2398 7
2549 7
2611 7
2630 7
2664 7
2720 7
2920 7
3008 7
3194 7
3254 7
3258 7
3382 7
3575 7
3578 7
3603 7
3605 7
3620 7
3623 7
3772 7
3831 7
3857 7
4178 7
4374 7
4437 7
4454 7
4498 7
4505 7
4551 7
4613 7
4779 7
4796 7
5058 7
5296 7
5300 7
5351 7
5537 7
5540 7
5585 7
5694 7
6106 7
6120 7
6222 7
6287 7
6312 7
6419 7
6478 7
6532 7
6577 7
6590 7
6635 7
6636 7
6661 7
6687 7
6734 7
6763 7
6852 7
6862 7
6864 7
6894 7
7060 7
7063 7
7085 7
7141 7
7158 7
7185 7
7189 7
7209 7
7217 7
7245 7
7317 7
7349 7
7358 7
7363 7
7631 7
7636 7
7690 7
7694 7
7696 7
7707 7
7725 7
7864 7
7866 7
7949 7
7958 7
7974 7
7975 7
7979 7
8007 7
8221 7
8227 7
8320 7
8454 7
8513 7
8545 7
8562 7
8733 7
8768 7
8784 7
8791 7
8797 7
8846 7
8992 7
9040 7
9268 7
9284 7
9371 7
9383 7
9437 7
9438 7
9599 7
9904 7
9959 7
10054 7
10068 7
10085 7
10112 7
10115 7
10180 7
10181 7
10222 7
10387 7
10509 7
10547 7
10805 7
10877 7
10894 7
11015 7
11027 7
11090 7
11156 7
11282 7
11358 7
11400 7
11451 7
11510 7
11636 7
11643 7
11730 7
11933 7
12045 7
12155 7
12237 7
12288 7
12301 7
12550 7
12574 7
12824 7
12929 7
13062 7
14282 7
14729 7
14761 7
15029 7
15120 7
15278 7
15280 7
15553 7
15585 7
15593 7
15597 7
15655 7
15878 7
15959 7
16288 7
16300 7
16394 7
16396 7
16549 7
16568 7
16638 7
16792 7
17113 7
13 8
27 8
65 8
66 8
183 8
456 8
466 8
483 8
528 8
530 8
533 8
560 8
686 8
698 8
728 8
773 8
774 8
783 8
846 8
968 8
1063 8
1070 8
1111 8
1122 8
1135 8
1137 8
1160 8
1229 8
1314 8
1317 8
1344 8
1351 8
1404 8
1452 8
1460 8
1461 8
1467 8
1492 8
1524 8
1525 8
1536 8
1564 8
1569 8
1642 8
1651 8
1677 8
1722 8
1803 8
1846 8
1849 8
1853 8
2005 8
2042 8
2047 8
2092 8
2101 8
2148 8
2253 8
2266 8
2279 8
2304 8
2320 8
2337 8
2338 8
2409 8
2433 8
2459 8
2490 8
2504 8
2548 8
2562 8
2568 8
2580 8
2593 8
2659 8
2751 8
2752 8
2839 8
2873 8
2929 8
2962 8
3582 8
3604 8
3629 8
3633 8
3697 8
3721 8
3784 8
3840 8
3860 8
3895 8
3922 8
3971 8
3989 8
3996 8
4014 8
4021 8
4141 8
4155 8
4184 8
4189 8
4194 8
4273 8
4276 8
4288 8
4330 8
4351 8
4357 8
4419 8
4472 8
4729 8
4791 8
4792 8
4794 8
4805 8
4820 8
4827 8
4934 8
5090 8
5308 8
5312 8
5314 8
5367 8
5407 8
5415 8
5426 8
5438 8
5464 8
5483 8
5492 8
5494 8
5495 8
5556 8
5565 8
5594 8
5632 8
5650 8
5677 8
5680 8
5682 8
5731 8
5738 8
5911 8
5922 8
5926 8
5950 8
5969 8
5994 8
6005 8
6010 8
6017 8
6048 8
6094 8
6115 8
6134 8
6165 8
6173 8
6185 8
6233 8
6254 8
6273 8
6454 8
6455 8
6456 8
6476 8
6491 8
6495 8
6523 8
6533 8
6534 8
6609 8
6620 8
6729 8
6779 8
6785 8
6799 8
6830 8
6865 8
7072 8
7074 8
7096 8
7113 8
7133 8
7139 8
7157 8
7244 8
7276 8
7331 8
7476 8
7491 8
7505 8
7634 8
7734 8
7880 8
7884 8
7922 8
8001 8
8005 8
8226 8
8236 8
8254 8
8270 8
8292 8
8318 8
8338 8
8364 8
8409 8
8520 8
8528 8
8731 8
8740 8
8750 8
8767 8
8826 8
8865 8
8925 8
8956 8
8970 8
9029 8
9049 8
9066 8
9091 8
9111 8
9235 8
9250 8
9260 8
9267 8
9270 8
9311 8
9346 8
9364 8
9366 8
9372 8
9378 8
9405 8
9427 8
9441 8
9444 8
9519 8
9558 8
9576 8
9825 8
9860 8
9964 8
9973 8
9985 8
9995 8
10037 8
10225 8
10235 8
10381 8
10411 8
10431 8
10478 8
10499 8
10529 8
10564 8
10610 8
10611 8
10851 8
10891 8
10897 8
10917 8
10924 8
10946 8
11047 8
11060 8
11109 8
11112 8
11115 8
11283 8
11307 8
11443 8
11470 8
11475 8
11478 8
11481 8
11494 8
11499 8
11500 8
11503 8
11528 8
11543 8
11564 8
11621 8
11629 8
11666 8
11727 8
11736 8
11879 8
11896 8
11976 8
11977 8
12014 8
12042 8
12061 8
12085 8
12110 8
12204 8
12207 8
12211 8
12231 8
12296 8
12334 8
12346 8
12352 8
12505 8
12520 8
12570 8
12596 8
12631 8
12645 8
12664 8
12704 8
12721 8
12869 8
12901 8
12904 8
12915 8
13027 8
13031 8
13615 8
14091 8
14427 8
14516 8
14517 8
14622 8
14755 8
14960 8
14962 8
14971 8
15000 8
15002 8
15006 8
15053 8
15109 8
15126 8
15136 8
15141 8
15144 8
15175 8
15180 8
15190 8
15221 8
15233 8
15336 8
15359 8
15476 8
15495 8
15548 8
15570 8
15590 8
15632 8
15640 8
15669 8
15695 8
15719 8
15790 8
15819 8
15881 8
15886 8
15888 8
15899 8
15980 8
16206 8
16230 8
16263 8
16266 8
16269 8
16275 8
16297 8
16299 8
16317 8
16376 8
16377 8
16385 8
16386 8
16388 8
16410 8
16424 8
16428 8
16454 8
16461 8
16476 8
16478 8
16522 8
16551 8
16554 8
16584 8
16608 8
16625 8
16642 8
16662 8
16668 8
16672 8
16705 8
16715 8
16735 8
16799 8
16800 8
16809 8
16812 8
16813 8
16814 8
16816 8
16818 8
16825 8
16858 8
16890 8
16909 8
16910 8
16916 8
17031 8
17032 8
17489 8
17543 8
17545 8
17616 8
17655 8
17712 8
17751 8
17753 8
17802 8
17834 8
17988 8
18028 8
18065 8
18120 8
18155 8
18180 8
18242 8
18249 8
18283 8
18294 8
18309 8
18354 8
18602 8
18627 8
18699 8
18703 8
18732 8
18816 8
18870 8
18953 8
19009 8
19170 8
19171 8
19427 8
19475 8
19642 8
19657 8
19667 8
19674 8
19680 8
19710 8
19723 8
19745 8
19803 8
19850 8
19865 8
19887 8
19966 8
19978 8
20105 8
20112 8
20118 8
20140 8
20165 8
20195 8
20207 8
20221 8
20228 8
20234 8
20251 8
20252 8
20257 8
20278 8
20284 8
20302 8
20310 8
20314 8
20337 8
20339 8
20353 8
20357 8
20365 8
20367 8
20370 8
20376 8
20385 8
20395 8
20400 8
20414 8
20421 8
20438 8
20440 8
20448 8
20450 8
20455 8
20470 8
20473 8
20476 8
20479 8
20488 8
20499 8
20502 8
20523 8
20531 8
20545 8
20558 8
20561 8
20562 8
20564 8
20583 8
20593 8
20596 8
20605 8
20640 8
20648 8
20652 8
20660 8
20672 8
20680 8
20711 8
20728 8
20735 8
20747 8
20767 8
20771 8
20776 8
20779 8
20798 8
20800 8
20803 8
20812 8
20813 8
20814 8
20838 8
20885 8
20894 8
20900 8
20913 8
20920 8
20937 8
20969 8
20973 8
20975 8
20984 8
21012 8
21022 8
21032 8
21037 8
21045 8
21049 8
21053 8
21055 8
21081 8
21114 8
21136 8
21173 8
21189 8
21194 8
21195 8
21199 8
21219 8
21224 8
21227 8
21232 8
21234 8
21236 8
21237 8
21240 8
21252 8
21256 8
21262 8
21265 8
21272 8
21346 8
21352 8
21362 8
21413 8
21430 8
21451 8
21474 8
21479 8
21480 8
42 9
46 9
75 9
232 9
249 9
259 9
281 9
290 9
293 9
343 9
402 9
525 9
562 9
684 9
754 9
842 9
875 9
977 9
1030 9
1085 9
1207 9
1212 9
1216 9
1246 9
1312 9
1440 9
1519 9
1537 9
1579 9
1598 9
1623 9
1715 9
1842 9
1889 9
1910 9
1946 9
1975 9
2115 9
2206 9
2239 9
2246 9
2550 9
2553 9
2606 9
2760 9
2954 9
2964 9
2976 9
2982 9
3034 9
3187 9
3225 9
3228 9
3492 9
3511 9
3559 9
3639 9
3701 9
3928 9
4063 9
4071 9
4096 9
4099 9
4117 9
4215 9
4267 9
4470 9
4603 9
4630 9
4697 9
4785 9
4898 9
5002 9
5134 9
5148 9
5175 9
5214 9
5258 9
5334 9
5398 9
5471 9
5800 9
5835 9
5972 9
6189 9
6486 9
6595 9
6632 9
6657 9
6912 9
6935 9
6939 9
6968 9
6998 9
7104 9
7124 9
7143 9
7308 9
7406 9
7501 9
7510 9
7512 9
7534 9
7552 9
7569 9
7577 9
7888 9
8105 9
8176 9
8193 9
8306 9
8654 9
8683 9
8684 9
8850 9
9069 9
9124 9
9163 9
9190 9
9207 9
9265 9
9305 9
9349 9
9374 9
9393 9
9398 9
9654 9
9680 9
9738 9
9746 9
9903 9
9941 9
10100 9
10107 9
10299 9
10306 9
10322 9
10324 9
10367 9
10640 9
10682 9
10752 9
10760 9
10876 9
10902 9
10959 9
11043 9
11166 9
11173 9
11179 9
11183 9
11230 9
11265 9
11273 9
11330 9
11372 9
11387 9
11459 9
11811 9
11826 9
11843 9
11866 9
11893 9
12003 9
12011 9
12117 9
12152 9
12208 9
12340 9
12355 9
12399 9
12415 9
12423 9
12424 9
12426 9
12462 9
12465 9
12490 9
12602 9
12655 9
12689 9
12690 9
12701 9
12760 9
12778 9
12790 9
12813 9
12814 9
13170 9
13190 9
13201 9
13237 9
13242 9
13269 9
13271 9
13279 9
13286 9
13462 9
14146 9
14418 9
14440 9
14885 9
14886 9
14923 9
14988 9
15013 9
15017 9
15095 9
15198 9
15329 9
15357 9
15394 9
15415 9
15446 9
15584 9
15653 9
15804 9
15914 9
16093 9
16097 9
16098 9
16115 9
16185 9
16279 9
16318 9
16327 9
16749 9
16750 9
17001 9
17038 9
17059 9
17140 9
17155 9
17221 9
17241 9
17301 9
17330 9
17341 9
17342 9
17346 9
17499 9
17674 9
17707 9
17923 9
18014 9
18323 9
18375 9
18429 9
18459 9
18531 9
18557 9
18604 9
18849 9
19069 9
19318 9
19387 9
19480 9
19807 9
20005 9
20058 9
20186 9
20382 9
20465 9
21123 9
21177 9
21321 9
21567 9
100 10
213 10
330 10
839 10
867 10
929 10
1040 10
1147 10
1681 10
1773 10
1885 10
1912 10
2555 10
3717 10
4036 10
4091 10
4306 10
4638 10
4700 10
4741 10
5215 10
5231 10
5238 10
5245 10
5253 10
5260 10
5389 10
5392 10
5523 10
5798 10
6385 10
6619 10
6920 10
6951 10
6965 10
6982 10
7013 10
7014 10
7177 10
7557 10
7584 10
7591 10
7767 10
8211 10
8624 10
8726 10
9107 10
9165 10
9178 10
9294 10
9433 10
9812 10
9829 10
10261 10
10377 10
10385 10
10553 10
10724 10
10737 10
10757 10
11160 10
11197 10
11276 10
11765 10
11894 10
12080 10
12464 10
12534 10
12743 10
12752 10
12758 10
12818 10
13007 10
13053 10
13282 10
13292 10
13333 10
14974 10
15365 10
16063 10
16100 10
16134 10
16415 10
16755 10
16783 10
17223 10
17328 10
17384 10
18539 10
19986 10
50 11
142 11
167 11
169 11
187 11
201 11
420 11
449 11
535 11
557 11
715 11
756 11
778 11
998 11
1009 11
1033 11
1176 11
1177 11
1188 11
1251 11
1264 11
1265 11
1283 11
1293 11
1320 11
1327 11
1364 11
1367 11
1384 11
1494 11
1527 11
1532 11
1543 11
1554 11
1566 11
1610 11
1638 11
1689 11
2020 11
2099 11
2112 11
2182 11
2194 11
2298 11
2380 11
2393 11
2561 11
2566 11
2590 11
2750 11
2836 11
3545 11
3557 11
3637 11
3667 11
3668 11
3672 11
3676 11
3695 11
3730 11
3738 11
3782 11
3785 11
3903 11
4169 11
4176 11
4216 11
4219 11
4239 11
4257 11
4292 11
4313 11
4438 11
4451 11
4457 11
4494 11
4521 11
4747 11
4765 11
4788 11
4803 11
4814 11
4819 11
4911 11
4999 11
5029 11
5055 11
5095 11
5100 11
5128 11
5297 11
5355 11
5417 11
5444 11
5451 11
5496 11
5532 11
5535 11
5566 11
5576 11
5582 11
5658 11
5716 11
5744 11
5749 11
5894 11
5898 11
5913 11
5930 11
5993 11
6035 11
6041 11
6055 11
6073 11
6084 11
6105 11
6107 11
6129 11
6147 11
6172 11
6175 11
6181 11
6213 11
6231 11
6240 11
6293 11
6306 11
6311 11
6323 11
6505 11
6641 11
6642 11
6669 11
6696 11
6743 11
6848 11
6859 11
7078 11
7079 11
7115 11
7190 11
7192 11
7272 11
7338 11
7508 11
7723 11
7728 11
7735 11
7843 11
8017 11
8340 11
8366 11
8407 11
8565 11
8810 11
8858 11
8859 11
8860 11
8892 11
8986 11
9103 11
9238 11
9263 11
9273 11
9274 11
9278 11
9333 11
9339 11
9429 11
9486 11
9502 11
9572 11
9678 11
9682 11
9961 11
9963 11
10023 11
10097 11
10108 11
10119 11
10174 11
10196 11
10254 11
10573 11
10601 11
10609 11
10853 11
10855 11
10885 11
10921 11
10926 11
10972 11
10974 11
10980 11
11336 11
11377 11
11479 11
11549 11
11569 11
11685 11
11733 11
11980 11
12022 11
12063 11
12098 11
12153 11
12187 11
12240 11
12624 11
12672 11
12674 11
12715 11
12898 11
13026 11
13064 11
13092 11
13114 11
13122 11
13191 11
13717 11
13854 11
14093 11
14180 11
14285 11
14300 11
14525 11
14954 11
14968 11
14970 11
14981 11
14985 11
14998 11
15023 11
15027 11
15028 11
15062 11
15067 11
15090 11
15205 11
15207 11
15211 11
15521 11
15558 11
15559 11
15601 11
15613 11
15667 11
15668 11
15704 11
15732 11
15757 11
15772 11
15807 11
15823 11
15834 11
15889 11
15981 11
15985 11
16013 11
16015 11
16022 11
16221 11
16234 11
16319 11
16347 11
16371 11
16374 11
16405 11
16417 11
16448 11
16458 11
16486 11
16492 11
16538 11
16587 11
16592 11
16598 11
16633 11
16645 11
16654 11
16687 11
16708 11
16795 11
16797 11
16801 11
16802 11
16803 11
16810 11
16815 11
16819 11
16921 11
17544 11
17547 11
17556 11
17617 11
17630 11
17660 11
17795 11
17972 11
18062 11
18068 11
18158 11
18243 11
18258 11
18303 11
18326 11
18648 11
18718 11
18721 11
18875 11
19308 11
19357 11
19369 11
19450 11
19644 11
19704 11
19787 11
19915 11
20129 11
20138 11
20180 11
20237 11
20274 11
20364 11
20371 11
20372 11
20373 11
20386 11
20388 11
20401 11
20415 11
20468 11
20471 11
20490 11
20493 11
20498 11
20527 11
20566 11
20606 11
20654 11
20658 11
20668 11
20695 11
20768 11
20794 11
20817 11
20888 11
20926 11
20930 11
20932 11
20943 11
20968 11
20974 11
20983 11
21017 11
21038 11
21042 11
21100 11
21103 11
21105 11
21132 11
21135 11
21148 11
21164 11
21165 11
21166 11
21181 11
21182 11
21190 11
21191 11
21205 11
21206 11
21209 11
21221 11
21238 11
21255 11
21257 11
21271 11
21281 11
21350 11
21405 11
21448 11
21453 11
21455 11
21489 11
45 12
128 12
304 12
356 12
372 12
381 12
387 12
393 12
401 12
424 12
547 12
558 12
559 12
714 12
768 12
850 12
882 12
1000 12
1159 12
1209 12
1562 12
1634 12
1741 12
1771 12
1798 12
1836 12
1847 12
1996 12
2024 12
2159 12
2323 12
2375 12
2500 12
2526 12
2577 12
2638 12
2650 12
2652 12
2728 12
2799 12
2813 12
2902 12
2907 12
2917 12
3013 12
3039 12
3056 12
3072 12
3080 12
3095 12
3129 12
3261 12
3264 12
3313 12
3320 12
3381 12
3415 12
3477 12
3573 12
3599 12
3744 12
3747 12
3759 12
3775 12
3797 12
3912 12
3961 12
3991 12
4033 12
4064 12
4107 12
4135 12
4167 12
4229 12
4235 12
4277 12
4286 12
4301 12
4303 12
4323 12
4369 12
4591 12
4606 12
4621 12
4623 12
4659 12
4733 12
4748 12
4772 12
4776 12
4806 12
4848 12
4922 12
4933 12
4952 12
5091 12
5117 12
5121 12
5212 12
5222 12
5276 12
5283 12
5291 12
5293 12
5299 12
5303 12
5335 12
5352 12
5411 12
5429 12
5615 12
5902 12
5955 12
5965 12
6082 12
6085 12
6331 12
6340 12
6402 12
6410 12
6441 12
6442 12
6463 12
6471 12
6499 12
6630 12
6665 12
6697 12
6815 12
6819 12
6869 12
6928 12
6930 12
7068 12
7247 12
7253 12
7342 12
7570 12
7596 12
7605 12
7659 12
7747 12
7749 12
7789 12
7867 12
7977 12
7983 12
8085 12
8091 12
8115 12
8126 12
8130 12
8204 12
8205 12
8222 12
8225 12
8361 12
8472 12
8497 12
8509 12
8512 12
8558 12
8615 12
8618 12
8685 12
8690 12
8691 12
8711 12
8730 12
8778 12
8823 12
8849 12
8932 12
8944 12
8947 12
8975 12
8998 12
9047 12
9088 12
9161 12
9210 12
9239 12
9246 12
9277 12
9283 12
9285 12
9363 12
9382 12
9526 12
9557 12
9638 12
9642 12
9733 12
9742 12
9850 12
9872 12
10002 12
10057 12
10098 12
10208 12
10291 12
10313 12
10335 12
10361 12
10423 12
10429 12
10674 12
10676 12
10694 12
10714 12
10768 12
10784 12
10786 12
10790 12
10874 12
11088 12
11101 12
11144 12
11161 12
11196 12
11211 12
11237 12
11239 12
11253 12
11255 12
11279 12
11292 12
11299 12
11344 12
11369 12
11373 12
11402 12
11449 12
11504 12
11563 12
11661 12
11763 12
11872 12
11888 12
11915 12
11920 12
11925 12
11983 12
12054 12
12106 12
12138 12
12156 12
12195 12
12281 12
12298 12
12317 12
12374 12
12390 12
12443 12
12449 12
12485 12
12557 12
12579 12
12660 12
12767 12
12797 12
12834 12
12858 12
12965 12
13072 12
13095 12
13124 12
13188 12
13265 12
13393 12
13532 12
13787 12
13790 12
14177 12
14504 12
14859 12
14888 12
14900 12
14911 12
14932 12
15149 12
15417 12
15438 12
15464 12
15501 12
15561 12
15565 12
15808 12
15861 12
16037 12
16041 12
16091 12
16117 12
16119 12
16145 12
16163 12
16170 12
16176 12
16203 12
16216 12
16232 12
16247 12
16262 12
16307 12
16398 12
16420 12
16443 12
16493 12
16513 12
16656 12
16688 12
16851 12
16953 12
16995 12
17048 12
17053 12
17127 12
17212 12
17250 12
17506 12
17513 12
17562 12
17579 12
17760 12
17812 12
17837 12
17839 12
17864 12
17876 12
17956 12
17957 12
17960 12
17986 12
18017 12
18036 12
18071 12
18210 12
18479 12
18566 12
18585 12
18660 12
18938 12
19050 12
19136 12
19137 12
19181 12
19241 12
19256 12
19283 12
19334 12
19381 12
19419 12
19470 12
19507 12
19510 12
19649 12
19690 12
19737 12
19760 12
19912 12
19963 12
20114 12
20137 12
20321 12
20379 12
20398 12
20489 12
20618 12
20744 12
20773 12
20824 12
20887 12
20898 12
21000 12
21019 12
21093 12
21278 12
21376 12
21387 12
21393 12
21404 12
21419 12
21429 12
21469 12
21550 12
21571 12
690 13
691 13
692 13
693 13
695 13
700 13
701 13
702 13
3750 13
9030 13
16392 13
16393 13
16468 13
16469 13
16470 13
16471 13
16472 13
16473 13
11 14
14 14
38 14
74 14
126 14
140 14
160 14
164 14
196 14
299 14
334 14
399 14
422 14
541 14
818 14
861 14
883 14
887 14
899 14
920 14
922 14
976 14
986 14
1010 14
1013 14
1059 14
1087 14
1096 14
1108 14
1128 14
1134 14
1178 14
1181 14
1205 14
1245 14
1343 14
1381 14
1428 14
1529 14
1585 14
1644 14
1650 14
1658 14
1688 14
1727 14
1734 14
1751 14
1764 14
2029 14
2033 14
2048 14
2055 14
2089 14
2133 14
2137 14
2205 14
2212 14
2316 14
2333 14
2342 14
2421 14
2435 14
2458 14
2471 14
2483 14
2484 14
2496 14
2619 14
2658 14
2666 14
2674 14
2691 14
2693 14
2718 14
2722 14
2757 14
2789 14
2856 14
2887 14
2960 14
2961 14
2963 14
3456 14
3463 14
3468 14
3480 14
3486 14
3517 14
3543 14
3569 14
3579 14
3585 14
3624 14
3649 14
3681 14
3751 14
3768 14
3786 14
3792 14
3853 14
3954 14
3968 14
3994 14
4015 14
4029 14
4081 14
4085 14
4089 14
4092 14
4094 14
4100 14
4105 14
4123 14
4149 14
4218 14
4307 14
4318 14
4327 14
4364 14
4372 14
4376 14
4475 14
4562 14
4574 14
4610 14
4649 14
4657 14
4692 14
4755 14
4777 14
4797 14
5089 14
5188 14
5219 14
5257 14
5264 14
5339 14
5356 14
5422 14
5437 14
5678 14
5912 14
5967 14
6014 14
6018 14
6047 14
6104 14
6123 14
6146 14
6179 14
6186 14
6198 14
6274 14
6279 14
6283 14
6297 14
6301 14
6341 14
6349 14
6356 14
6358 14
6372 14
6437 14
6447 14
6466 14
6475 14
6485 14
6529 14
6586 14
6591 14
6592 14
6738 14
6765 14
6771 14
6787 14
6790 14
6813 14
6837 14
6840 14
6880 14
6999 14
7003 14
7008 14
7061 14
7066 14
7083 14
7120 14
7128 14
7212 14
7226 14
7259 14
7264 14
7359 14
7404 14
7441 14
7459 14
7472 14
7495 14
7531 14
7620 14
7686 14
7726 14
7752 14
7790 14
7821 14
7826 14
7830 14
7836 14
7838 14
7841 14
7869 14
7883 14
7948 14
7954 14
7970 14
8032 14
8048 14
8056 14
8125 14
8138 14
8155 14
8163 14
8229 14
8262 14
8275 14
8313 14
8350 14
8394 14
8458 14
8540 14
8579 14
8581 14
8611 14
8614 14
8619 14
8644 14
8668 14
8702 14
8708 14
8738 14
8745 14
8761 14
8793 14
8794 14
8868 14
8890 14
8905 14
8946 14
8972 14
8976 14
8979 14
8981 14
8997 14
8999 14
9115 14
9127 14
9135 14
9160 14
9177 14
9187 14
9189 14
9229 14
9301 14
9316 14
9399 14
9478 14
9556 14
9741 14
9744 14
9810 14
9818 14
9839 14
9914 14
10099 14
10130 14
10211 14
10280 14
10282 14
10284 14
10292 14
10338 14
10349 14
10393 14
10394 14
10430 14
10436 14
10447 14
10532 14
10598 14
10612 14
10644 14
10840 14
10907 14
10943 14
11034 14
11111 14
11145 14
11168 14
11171 14
11181 14
11220 14
11221 14
11227 14
11302 14
11320 14
11333 14
11359 14
11540 14
11566 14
11570 14
11633 14
11635 14
11649 14
11664 14
11667 14
11705 14
11713 14
11721 14
11724 14
11850 14
11855 14
11859 14
11898 14
11990 14
12005 14
12033 14
12149 14
12150 14
12258 14
12266 14
12306 14
12341 14
12364 14
12380 14
12391 14
12463 14
12562 14
12616 14
12619 14
12783 14
12829 14
12862 14
12893 14
13014 14
13142 14
13192 14
13256 14
13890 14
13900 14
14069 14
14752 14
14860 14
14872 14
14876 14
14930 14
15056 14
15079 14
15094 14
15103 14
15145 14
15189 14
15247 14
15295 14
15380 14
15387 14
15427 14
15459 14
15489 14
15510 14
15515 14
15594 14
15626 14
15692 14
15715 14
15762 14
15782 14
15841 14
15851 14
15908 14
15944 14
16052 14
16140 14
16141 14
16175 14
16207 14
16283 14
16284 14
16311 14
16346 14
16350 14
16360 14
16363 14
16367 14
16399 14
16421 14
16434 14
16490 14
16533 14
16569 14
16602 14
16615 14
16619 14
16623 14
16628 14
16635 14
16641 14
16655 14
16865 14
17034 14
17037 14
17703 14
17808 14
17900 14
17901 14
17922 14
17964 14
17965 14
18048 14
18052 14
18152 14
18483 14
18497 14
18514 14
18563 14
18610 14
18646 14
18769 14
19029 14
19142 14
19174 14
19254 14
19422 14
19424 14
19561 14
19648 14
19650 14
19655 14
19742 14
19761 14
19854 14
19933 14
20117 14
20119 14
20132 14
20135 14
20151 14
20161 14
20166 14
20168 14
20174 14
20181 14
20187 14
20189 14
20191 14
20206 14
20213 14
20215 14
20217 14
20220 14
20223 14
20226 14
20233 14
20235 14
20241 14
20249 14
20255 14
20256 14
20266 14
20269 14
20273 14
20286 14
20291 14
20299 14
20300 14
20304 14
20309 14
20324 14
20332 14
20344 14
20358 14
20368 14
20378 14
20384 14
20391 14
20392 14
20407 14
20442 14
20443 14
20446 14
20453 14
20463 14
20497 14
20515 14
20517 14
20529 14
20533 14
20535 14
20546 14
20548 14
20557 14
20569 14
20586 14
20598 14
20628 14
20630 14
20639 14
20650 14
20671 14
20706 14
20715 14
20784 14
20801 14
20822 14
20825 14
20833 14
20836 14
20883 14
20896 14
20904 14
20910 14
20915 14
20918 14
20938 14
20954 14
20972 14
20988 14
21014 14
21028 14
21044 14
21077 14
21095 14
21112 14
21117 14
21179 14
21211 14
21215 14
21218 14
21242 14
21248 14
21254 14
21259 14
21260 14
21264 14
21266 14
21275 14
21298 14
21302 14
21308 14
21315 14
21324 14
21325 14
21330 14
21336 14
21337 14
21354 14
21356 14
21359 14
21360 14
21373 14
21385 14
21386 14
21412 14
21414 14
21415 14
21416 14
21431 14
21435 14
21436 14
21437 14
21441 14
21490 14
22 15
49 15
105 15
136 15
237 15
247 15
256 15
314 15
518 15
697 15
704 15
787 15
791 15
793 15
800 15
816 15
835 15
857 15
903 15
969 15
1072 15
1082 15
1148 15
1156 15
1184 15
1210 15
1217 15
1263 15
1299 15
1300 15
1332 15
1347 15
1379 15
1406 15
1477 15
1588 15
1631 15
1680 15
1686 15
1723 15
1832 15
1845 15
1880 15
1897 15
1948 15
1959 15
2000 15
2006 15
2012 15
2073 15
2128 15
2130 15
2175 15
2247 15
2310 15
2326 15
2411 15
2517 15
2542 15
2546 15
2559 15
2635 15
2677 15
2681 15
2746 15
2762 15
2764 15
2765 15
2785 15
2819 15
2853 15
2944 15
2948 15
2950 15
2951 15
2955 15
2958 15
2959 15
2965 15
2968 15
2971 15
2983 15
3003 15
3028 15
3040 15
3047 15
3110 15
3152 15
3153 15
3204 15
3256 15
3273 15
3275 15
3285 15
3322 15
3327 15
3329 15
3347 15
3349 15
3352 15
3377 15
3390 15
3433 15
3440 15
3442 15
3461 15
3473 15
3526 15
3572 15
3625 15
3704 15
3711 15
3793 15
3796 15
3830 15
3973 15
3997 15
4027 15
4038 15
4051 15
4061 15
4066 15
4139 15
4170 15
4192 15
4297 15
4328 15
4333 15
4343 15
4345 15
4349 15
4407 15
4431 15
4488 15
4524 15
4555 15
4579 15
4617 15
4625 15
4640 15
4648 15
4708 15
4711 15
4712 15
4735 15
4739 15
4740 15
4742 15
4781 15
4809 15
4816 15
4829 15
4845 15
4867 15
4965 15
5127 15
5149 15
5154 15
5168 15
5192 15
5209 15
5243 15
5278 15
5323 15
5363 15
5382 15
5394 15
5408 15
5477 15
5481 15
5499 15
5526 15
5558 15
5564 15
5598 15
5611 15
5724 15
5734 15
5783 15
5818 15
5826 15
5827 15
5870 15
5880 15
5932 15
5954 15
5958 15
6025 15
6034 15
6086 15
6128 15
6137 15
6218 15
6267 15
6337 15
6407 15
6414 15
6436 15
6450 15
6493 15
6525 15
6541 15
6546 15
6576 15
6578 15
6603 15
6621 15
6658 15
6791 15
6846 15
6872 15
6922 15
6927 15
6941 15
6957 15
6985 15
7023 15
7032 15
7070 15
7071 15
7088 15
7119 15
7154 15
7161 15
7166 15
7263 15
7311 15
7312 15
7314 15
7323 15
7344 15
7355 15
7394 15
7500 15
7642 15
7669 15
7684 15
7823 15
7824 15
7839 15
7899 15
7930 15
7961 15
7966 15
7985 15
8068 15
8089 15
8109 15
8113 15
8137 15
8160 15
8197 15
8214 15
8246 15
8276 15
8309 15
8331 15
8342 15
8349 15
8359 15
8374 15
8401 15
8553 15
8554 15
8588 15
8613 15
8623 15
8641 15
8656 15
8670 15
8674 15
8686 15
8688 15
8696 15
8796 15
8845 15
8857 15
8873 15
8895 15
8948 15
8951 15
8961 15
8978 15
9014 15
9051 15
9065 15
9104 15
9202 15
9205 15
9208 15
9234 15
9314 15
9326 15
9348 15
9356 15
9423 15
9450 15
9453 15
9473 15
9479 15
9489 15
9527 15
9535 15
9559 15
9604 15
9681 15
9720 15
9795 15
9797 15
9799 15
9834 15
9853 15
9866 15
9892 15
9906 15
9907 15
9943 15
9953 15
10048 15
10122 15
10214 15
10216 15
10238 15
10258 15
10359 15
10388 15
10391 15
10403 15
10449 15
10505 15
10506 15
10559 15
10584 15
10586 15
10613 15
10619 15
10622 15
10633 15
10687 15
10717 15
10742 15
10749 15
10750 15
10808 15
10809 15
10825 15
10868 15
10904 15
10913 15
11065 15
11087 15
11121 15
11271 15
11297 15
11314 15
11315 15
11322 15
11371 15
11385 15
11430 15
11431 15
11441 15
11444 15
11447 15
11450 15
11551 15
11579 15
11587 15
11627 15
11638 15
11706 15
11725 15
11751 15
11753 15
11768 15
11862 15
11863 15
11900 15
11945 15
11989 15
12024 15
12027 15
12028 15
12162 15
12164 15
12179 15
12191 15
12201 15
12215 15
12223 15
12270 15
12338 15
12442 15
12489 15
12507 15
12538 15
12555 15
12633 15
12641 15
12651 15
12683 15
12692 15
12725 15
12761 15
12763 15
12806 15
12815 15
12823 15
12843 15
12857 15
12861 15
12910 15
12924 15
12963 15
12987 15
12992 15
13003 15
13021 15
13056 15
13067 15
13116 15
13144 15
13157 15
13168 15
13205 15
13243 15
13244 15
13247 15
13270 15
13320 15
13458 15
13507 15
13633 15
13688 15
13694 15
13757 15
13834 15
13946 15
13950 15
13958 15
14178 15
14293 15
14313 15
14340 15
14389 15
14476 15
14499 15
14537 15
14544 15
14805 15
14818 15
14839 15
14867 15
14909 15
14922 15
14957 15
14959 15
15045 15
15048 15
15179 15
15200 15
15204 15
15230 15
15234 15
15246 15
15253 15
15303 15
15310 15
15411 15
15451 15
15453 15
15462 15
15471 15
15481 15
15484 15
15485 15
15527 15
15540 15
15580 15
15617 15
15621 15
15636 15
15694 15
15801 15
15803 15
15811 15
15831 15
15913 15
15932 15
15988 15
16006 15
16076 15
16122 15
16123 15
16148 15
16171 15
16179 15
16212 15
16214 15
16286 15
16359 15
16646 15
16852 15
16868 15
16903 15
16962 15
16975 15
16981 15
16989 15
17003 15
17011 15
17028 15
17058 15
17073 15
17074 15
17084 15
17097 15
17098 15
17117 15
17123 15
17134 15
17146 15
17156 15
17163 15
17196 15
17206 15
17233 15
17273 15
17275 15
17318 15
17334 15
17364 15
17365 15
17403 15
17411 15
17417 15
17432 15
17436 15
17462 15
17568 15
17618 15
17622 15
17632 15
17748 15
17813 15
17857 15
17915 15
17925 15
17979 15
18001 15
18160 15
18176 15
18222 15
18225 15
18231 15
18257 15
18271 15
18280 15
18328 15
18357 15
18360 15
18371 15
18372 15
18383 15
18396 15
18397 15
18402 15
18407 15
18418 15
18421 15
18423 15
18426 15
18456 15
18470 15
18592 15
18616 15
18674 15
18851 15
18865 15
18920 15
18930 15
18952 15
18995 15
19092 15
19097 15
19122 15
19199 15
19238 15
19255 15
19262 15
19272 15
19329 15
19426 15
19483 15
19491 15
19500 15
19557 15
19769 15
19775 15
19781 15
19802 15
19808 15
19882 15
19964 15
19989 15
19993 15
20001 15
20021 15
20034 15
20039 15
20071 15
20080 15
20087 15
20259 15
20261 15
20348 15
20377 15
20469 15
20496 15
20624 15
20632 15
20653 15
20662 15
20719 15
20769 15
20778 15
20795 15
20840 15
20893 15
20902 15
20907 15
20909 15
20925 15
20959 15
21023 15
21031 15
21122 15
21128 15
21130 15
21138 15
21187 15
21197 15
21202 15
21277 15
21285 15
21293 15
21303 15
21339 15
21369 15
21371 15
21477 15
21501 15
21502 15
21512 15
21517 15
21521 15
21523 15
21536 15
21539 15
21556 15
21565 15
110 16
362 16
369 16
376 16
467 16
474 16
478 16
498 16
504 16
551 16
553 16
677 16
679 16
682 16
703 16
712 16
724 16
733 16
735 16
741 16
748 16
757 16
762 16
764 16
820 16
840 16
853 16
995 16
1029 16
1032 16
1044 16
1052 16
1099 16
1192 16
1203 16
1220 16
1228 16
1243 16
1340 16
1425 16
1429 16
1434 16
1500 16
1506 16
1512 16
1584 16
1626 16
1649 16
1665 16
1666 16
1676 16
1735 16
1740 16
1801 16
1808 16
1816 16
1862 16
1886 16
1920 16
1994 16
2080 16
2097 16
2151 16
2225 16
2237 16
2251 16
2265 16
2268 16
2297 16
2301 16
2322 16
2344 16
2365 16
2376 16
2447 16
2475 16
2476 16
2491 16
2512 16
2520 16
2538 16
2609 16
2647 16
2671 16
2672 16
2791 16
2792 16
2815 16
2833 16
2884 16
2897 16
2924 16
2926 16
2927 16
2930 16
2953 16
3009 16
3026 16
3042 16
3069 16
3086 16
3107 16
3115 16
3139 16
3142 16
3154 16
3157 16
3166 16
3168 16
3176 16
3217 16
3252 16
3259 16
3263 16
3276 16
3287 16
3290 16
3356 16
3372 16
3384 16
3387 16
3394 16
3395 16
3565 16
3577 16
3587 16
3589 16
3645 16
3652 16
3673 16
3707 16
3779 16
3864 16
3879 16
3918 16
3939 16
3960 16
3970 16
3990 16
4052 16
4127 16
4146 16
4153 16
4182 16
4201 16
4233 16
4237 16
4371 16
4401 16
4408 16
4425 16
4447 16
4465 16
4477 16
4536 16
4804 16
4890 16
4955 16
4963 16
4964 16
4970 16
4976 16
4981 16
5001 16
5020 16
5071 16
5077 16
5080 16
5081 16
5082 16
5094 16
5112 16
5119 16
5141 16
5177 16
5250 16
5286 16
5287 16
5309 16
5357 16
5377 16
5379 16
5396 16
5440 16
5455 16
5473 16
5533 16
5620 16
5641 16
5643 16
5659 16
5675 16
5686 16
5690 16
5710 16
5737 16
5739 16
5740 16
5746 16
5750 16
5755 16
5756 16
5873 16
5919 16
5946 16
5974 16
5977 16
6003 16
6020 16
6056 16
6059 16
6166 16
6188 16
6199 16
6214 16
6215 16
6276 16
6473 16
6497 16
6498 16
6502 16
6538 16
6604 16
6639 16
6659 16
6682 16
6702 16
6710 16
6719 16
6725 16
6726 16
6731 16
6737 16
6740 16
6784 16
6788 16
6789 16
6810 16
6811 16
6844 16
6855 16
6874 16
6886 16
6888 16
7041 16
7045 16
7046 16
7109 16
7110 16
7111 16
7136 16
7149 16
7168 16
7199 16
7218 16
7220 16
7240 16
7260 16
7315 16
7337 16
7362 16
7407 16
7433 16
7453 16
7464 16
7497 16
7514 16
7627 16
7644 16
7672 16
7679 16
7693 16
7698 16
7796 16
7810 16
7814 16
7816 16
7820 16
7831 16
7847 16
7848 16
7855 16
7865 16
7872 16
7874 16
7891 16
7895 16
7896 16
7901 16
7912 16
7918 16
7928 16
7935 16
7940 16
7967 16
7968 16
8012 16
8040 16
8224 16
8264 16
8293 16
8322 16
8351 16
8355 16
8370 16
8396 16
8406 16
8432 16
8441 16
8479 16
8480 16
8514 16
8518 16
8544 16
8546 16
8572 16
8628 16
8632 16
8666 16
8734 16
8771 16
8830 16
8916 16
8919 16
8940 16
8943 16
8945 16
8962 16
9045 16
9053 16
9075 16
9081 16
9087 16
9090 16
9102 16
9108 16
9110 16
9156 16
9172 16
9230 16
9232 16
9242 16
9259 16
9296 16
9330 16
9332 16
9338 16
9365 16
9392 16
9403 16
9410 16
9431 16
9434 16
9443 16
9465 16
9497 16
9505 16
9509 16
9539 16
9544 16
9549 16
9561 16
9570 16
9606 16
9607 16
9608 16
9619 16
9637 16
9640 16
9661 16
9771 16
9833 16
9844 16
9858 16
9891 16
9893 16
9918 16
9920 16
9929 16
9976 16
10018 16
10041 16
10058 16
10066 16
10067 16
10071 16
10086 16
10095 16
10096 16
10102 16
10128 16
10129 16
10158 16
10197 16
10219 16
10237 16
10302 16
10342 16
10348 16
10398 16
10432 16
10435 16
10442 16
10446 16
10467 16
10473 16
10515 16
10527 16
10541 16
10548 16
10596 16
10702 16
10787 16
10788 16
10816 16
10817 16
10834 16
10843 16
10847 16
10849 16
10887 16
10892 16
10895 16
10899 16
10918 16
10960 16
10961 16
10962 16
10971 16
10978 16
10985 16
10992 16
10998 16
11035 16
11039 16
11051 16
11074 16
11086 16
11102 16
11105 16
11107 16
11126 16
11133 16
11243 16
11268 16
11270 16
11274 16
11324 16
11348 16
11362 16
11374 16
11440 16
11464 16
11468 16
11484 16
11492 16
11505 16
11506 16
11526 16
11550 16
11553 16
11575 16
11597 16
11598 16
11619 16
11637 16
11657 16
11679 16
11707 16
11841 16
11867 16
11873 16
11891 16
11909 16
11910 16
11916 16
11997 16
12048 16
12053 16
12068 16
12094 16
12133 16
12146 16
12178 16
12203 16
12219 16
12222 16
12225 16
12226 16
12236 16
12305 16
12309 16
12321 16
12339 16
12345 16
12350 16
12368 16
12386 16
12441 16
12487 16
12503 16
12504 16
12512 16
12529 16
12559 16
12620 16
12636 16
12644 16
12646 16
12648 16
12652 16
12667 16
12677 16
12679 16
12697 16
12698 16
12699 16
12702 16
12717 16
12822 16
12836 16
12853 16
12883 16
12888 16
12890 16
12905 16
12933 16
12937 16
12956 16
12980 16
13011 16
13023 16
13036 16
13043 16
13060 16
13078 16
13089 16
13090 16
13174 16
13175 16
13194 16
13195 16
13197 16
13704 16
13711 16
13714 16
13753 16
13870 16
14028 16
14263 16
14298 16
14315 16
14423 16
14485 16
14563 16
14582 16
14587 16
14604 16
14629 16
14736 16
14903 16
14978 16
14982 16
15001 16
15004 16
15020 16
15024 16
15031 16
15037 16
15060 16
15061 16
15091 16
15128 16
15156 16
15194 16
15239 16
15255 16
15274 16
15292 16
15294 16
15306 16
15309 16
15312 16
15349 16
15363 16
15368 16
15467 16
15547 16
15581 16
15596 16
15602 16
15616 16
15623 16
15664 16
15698 16
15713 16
15739 16
15810 16
15885 16
15896 16
15900 16
15918 16
15920 16
15956 16
15961 16
15963 16
15968 16
15970 16
15993 16
16112 16
16130 16
16210 16
16215 16
16258 16
16277 16
16287 16
16332 16
16403 16
16404 16
16430 16
16449 16
16450 16
16479 16
16512 16
16531 16
16555 16
16563 16
16588 16
16621 16
16622 16
16648 16
16695 16
16706 16
16707 16
16734 16
16796 16
16811 16
16875 16
16917 16
16925 16
16979 16
17076 16
17081 16
17086 16
17099 16
17164 16
17168 16
17174 16
17184 16
17302 16
17315 16
17317 16
17340 16
17347 16
17349 16
17479 16
17502 16
17518 16
17529 16
17540 16
17569 16
17573 16
17595 16
17596 16
17597 16
17625 16
17652 16
17659 16
17673 16
17677 16
17687 16
17700 16
17706 16
17710 16
17719 16
17723 16
17749 16
17752 16
17770 16
17782 16
17798 16
17810 16
17829 16
17835 16
17853 16
17860 16
17863 16
17866 16
17867 16
17870 16
17874 16
17958 16
17981 16
17993 16
18037 16
18040 16
18075 16
18080 16
18111 16
18135 16
18138 16
18145 16
18149 16
18157 16
18254 16
18313 16
18342 16
18387 16
18388 16
18392 16
18394 16
18419 16
18554 16
18575 16
18576 16
18638 16
18654 16
18658 16
18663 16
18667 16
18682 16
18730 16
18751 16
18768 16
18774 16
18778 16
18783 16
18811 16
18842 16
18859 16
18861 16
18863 16
18867 16
18882 16
18895 16
18906 16
18951 16
18962 16
18963 16
19006 16
19113 16
19155 16
19159 16
19263 16
19280 16
19286 16
19307 16
19312 16
19325 16
19331 16
19344 16
19364 16
19379 16
19386 16
19411 16
19447 16
19462 16
19464 16
19473 16
19635 16
19681 16
19699 16
19703 16
19711 16
19727 16
19731 16
19732 16
19734 16
19744 16
19758 16
19762 16
19763 16
19766 16
19786 16
19796 16
19823 16
19826 16
19828 16
19860 16
19864 16
19866 16
19870 16
19892 16
19895 16
19902 16
19906 16
19935 16
19943 16
19946 16
19955 16
19962 16
19968 16
19975 16
19981 16
19983 16
20142 16
20210 16
20216 16
20552 16
20641 16
20679 16
20725 16
20834 16
20835 16
20982 16
21007 16
21018 16
21030 16
21039 16
21041 16
21046 16
21051 16
21129 16
21133 16
21134 16
21140 16
21201 16
21210 16
21251 16
21253 16
21261 16
21292 16
21318 16
21333 16
21358 16
21394 16
21401 16
21454 16
10 17
96 17
125 17
135 17
153 17
199 17
214 17
366 17
371 17
408 17
442 17
545 17
706 17
732 17
767 17
836 17
844 17
849 17
851 17
1118 17
1153 17
1213 17
1291 17
1303 17
1313 17
1354 17
1575 17
1577 17
1581 17
1667 17
1673 17
1682 17
1684 17
1739 17
1760 17
1835 17
2039 17
2056 17
2108 17
2219 17
2224 17
2281 17
2291 17
2419 17
2470 17
2528 17
2534 17
2540 17
2543 17
2551 17
2552 17
2570 17
2596 17
2637 17
2699 17
2714 17
2763 17
2768 17
2769 17
2802 17
2890 17
2896 17
2945 17
2946 17
3025 17
3085 17
3094 17
3100 17
3198 17
3205 17
3223 17
3229 17
3239 17
3271 17
3344 17
3399 17
3413 17
3416 17
3417 17
3418 17
3422 17
3547 17
3598 17
3632 17
3643 17
3833 17
3839 17
3873 17
3886 17
3920 17
3933 17
3934 17
3948 17
3993 17
3999 17
4175 17
4204 17
4227 17
4249 17
4360 17
4411 17
4687 17
4795 17
4798 17
4884 17
4908 17
4910 17
4918 17
4937 17
5044 17
5332 17
5340 17
5349 17
5442 17
5465 17
5516 17
5517 17
5525 17
5567 17
5597 17
5644 17
5665 17
5671 17
5689 17
5713 17
5751 17
5757 17
5876 17
5889 17
5899 17
5935 17
5951 17
5975 17
5986 17
6027 17
6065 17
6070 17
6092 17
6096 17
6103 17
6124 17
6157 17
6180 17
6223 17
6225 17
6246 17
6527 17
6689 17
6694 17
6695 17
6817 17
6849 17
6856 17
6873 17
6877 17
6908 17
7130 17
7225 17
7305 17
7319 17
7352 17
7382 17
7469 17
7482 17
7490 17
7494 17
7635 17
7639 17
7650 17
7678 17
7687 17
7763 17
7791 17
7813 17
7817 17
7939 17
7963 17
7992 17
7993 17
7997 17
8020 17
8023 17
8327 17
8467 17
8722 17
8732 17
8780 17
8781 17
8836 17
8853 17
9027 17
9258 17
9381 17
9388 17
9408 17
9413 17
9414 17
9454 17
9487 17
9618 17
9677 17
9971 17
10110 17
10146 17
10213 17
10404 17
10462 17
10498 17
10566 17
10822 17
10833 17
10867 17
10872 17
10883 17
10893 17
10908 17
10909 17
10928 17
10950 17
11029 17
11041 17
11056 17
11063 17
11078 17
11143 17
11349 17
11396 17
11508 17
11515 17
11602 17
11722 17
11738 17
11744 17
11748 17
11755 17
11962 17
12049 17
12087 17
12172 17
12331 17
12356 17
12492 17
12610 17
12625 17
12629 17
12661 17
12663 17
12676 17
12719 17
12722 17
12827 17
12973 17
12978 17
12995 17
12996 17
13005 17
13041 17
13085 17
13182 17
13186 17
13189 17
13196 17
13206 17
13210 17
13211 17
13212 17
13721 17
13904 17
14131 17
14201 17
14394 17
14506 17
14619 17
14623 17
14679 17
14921 17
15055 17
15122 17
15210 17
15276 17
15335 17
15413 17
15569 17
15571 17
15600 17
15605 17
15672 17
15682 17
15736 17
15894 17
15997 17
16021 17
16026 17
16029 17
16211 17
16233 17
16370 17
16395 17
16409 17
16419 17
16427 17
16444 17
16460 17
16463 17
16465 17
16488 17
16583 17
16591 17
16667 17
16675 17
16676 17
16677 17
16684 17
16685 17
16700 17
16714 17
16737 17
16872 17
16873 17
16874 17
16923 17
17004 17
17025 17
17115 17
17151 17
17171 17
17178 17
17182 17
17491 17
17507 17
17538 17
17574 17
17576 17
17612 17
17640 17
17651 17
17671 17
17728 17
17777 17
17784 17
17873 17
17978 17
18029 17
18079 17
18182 17
18205 17
18223 17
18229 17
18238 17
18239 17
18300 17
18334 17
18590 17
18600 17
18605 17
18986 17
18988 17
19258 17
19270 17
19341 17
19343 17
19351 17
19360 17
19368 17
19428 17
19435 17
19441 17
19448 17
19451 17
19482 17
19654 17
19666 17
19679 17
19683 17
19713 17
19719 17
19751 17
19780 17
19799 17
19830 17
19831 17
19833 17
19874 17
19880 17
19959 17
20298 17
20311 17
20457 17
20698 17
20734 17
20766 17
20775 17
20792 17
20797 17
20811 17
20905 17
20917 17
20945 17
21040 17
21071 17
21073 17
21078 17
21228 17
21287 17
21319 17
21357 17
21408 17
21411 17
1 18
18 18
23 18
40 18
56 18
58 18
64 18
93 18
109 18
123 18
130 18
134 18
145 18
168 18
186 18
211 18
315 18
361 18
389 18
390 18
409 18
435 18
447 18
464 18
494 18
496 18
532 18
552 18
696 18
743 18
745 18
852 18
868 18
937 18
963 18
983 18
984 18
1015 18
1016 18
1020 18
1024 18
1104 18
1105 18
1123 18
1152 18
1182 18
1193 18
1198 18
1208 18
1252 18
1260 18
1269 18
1280 18
1285 18
1292 18
1315 18
1316 18
1339 18
1391 18
1409 18
1414 18
1456 18
1466 18
1488 18
1497 18
1502 18
1572 18
1620 18
1657 18
1679 18
1694 18
1718 18
1732 18
1765 18
1787 18
1790 18
1902 18
2114 18
2116 18
2173 18
2196 18
2203 18
2221 18
2236 18
2260 18
2271 18
2273 18
2303 18
2307 18
2312 18
2353 18
2357 18
2366 18
2370 18
2386 18
2405 18
2428 18
2492 18
2505 18
2513 18
2544 18
2560 18
2569 18
2583 18
2695 18
2711 18
2729 18
2744 18
2783 18
2797 18
2800 18
2803 18
2806 18
2810 18
2818 18
2847 18
2872 18
2912 18
2916 18
3023 18
3062 18
3089 18
3091 18
3117 18
3118 18
3161 18
3180 18
3184 18
3241 18
3243 18
3266 18
3269 18
3295 18
3298 18
3336 18
3380 18
3396 18
3405 18
3420 18
3425 18
3596 18
3619 18
3699 18
3742 18
3743 18
3790 18
3821 18
3828 18
3841 18
3856 18
3865 18
3884 18
3890 18
3893 18
3899 18
3908 18
3910 18
3926 18
3937 18
3951 18
3984 18
4019 18
4111 18
4120 18
4143 18
4145 18
4159 18
4160 18
4161 18
4205 18
4212 18
4223 18
4302 18
4304 18
4310 18
4347 18
4353 18
4410 18
4537 18
4583 18
4592 18
4605 18
4732 18
4751 18
4774 18
4810 18
4818 18
4841 18
4850 18
4887 18
4893 18
4894 18
4938 18
5053 18
5060 18
5092 18
5097 18
5114 18
5126 18
5331 18
5345 18
5366 18
5385 18
5390 18
5409 18
5410 18
5423 18
5431 18
5441 18
5443 18
5454 18
5456 18
5474 18
5491 18
5500 18
5505 18
5520 18
5563 18
5579 18
5583 18
5586 18
5596 18
5608 18
5627 18
5647 18
5660 18
5711 18
5712 18
5743 18
5788 18
5888 18
5937 18
5949 18
6030 18
6113 18
6202 18
6217 18
6220 18
6277 18
6282 18
6422 18
6427 18
6433 18
6438 18
6445 18
6461 18
6465 18
6488 18
6503 18
6521 18
6539 18
6547 18
6549 18
6559 18
6581 18
6597 18
6612 18
6622 18
6638 18
6653 18
6674 18
6699 18
6721 18
6723 18
6732 18
6748 18
6752 18
6762 18
6774 18
6778 18
6841 18
6853 18
6863 18
6884 18
6887 18
6907 18
7001 18
7058 18
7065 18
7073 18
7107 18
7155 18
7196 18
7216 18
7322 18
7332 18
7367 18
7379 18
7381 18
7428 18
7442 18
7443 18
7465 18
7466 18
7470 18
7481 18
7484 18
7629 18
7647 18
7673 18
7722 18
7729 18
7736 18
7870 18
7875 18
7876 18
7879 18
7893 18
7902 18
7903 18
7937 18
7964 18
7980 18
7987 18
8000 18
8010 18
8015 18
8022 18
8039 18
8050 18
8051 18
8162 18
8255 18
8259 18
8294 18
8311 18
8334 18
8353 18
8373 18
8430 18
8435 18
8489 18
8510 18
8526 18
8541 18
8547 18
8595 18
8704 18
8716 18
8717 18
8741 18
8799 18
8863 18
8866 18
8903 18
8977 18
9033 18
9048 18
9059 18
9072 18
9098 18
9139 18
9175 18
9184 18
9231 18
9280 18
9328 18
9337 18
9373 18
9484 18
9488 18
9543 18
9560 18
9563 18
9590 18
9641 18
9736 18
9804 18
9861 18
9867 18
9869 18
9874 18
9884 18
9909 18
9927 18
9928 18
9940 18
9952 18
9956 18
9967 18
9981 18
10000 18
10090 18
10105 18
10114 18
10140 18
10173 18
10233 18
10245 18
10272 18
10328 18
10414 18
10419 18
10434 18
10440 18
10445 18
10453 18
10458 18
10470 18
10472 18
10518 18
10544 18
10551 18
10555 18
10594 18
10662 18
10743 18
10811 18
10826 18
10832 18
10841 18
10845 18
10848 18
10873 18
10922 18
10944 18
10988 18
11049 18
11113 18
11134 18
11136 18
11192 18
11257 18
11272 18
11301 18
11335 18
11370 18
11381 18
11386 18
11395 18
11418 18
11435 18
11477 18
11490 18
11497 18
11522 18
11539 18
11599 18
11617 18
11663 18
11674 18
11708 18
11711 18
11714 18
11717 18
11726 18
11728 18
11752 18
11767 18
11883 18
11895 18
11968 18
11979 18
11996 18
12044 18
12046 18
12050 18
12059 18
12083 18
12114 18
12127 18
12159 18
12171 18
12186 18
12202 18
12205 18
12216 18
12221 18
12250 18
12286 18
12318 18
12378 18
12383 18
12389 18
12435 18
12515 18
12517 18
12521 18
12531 18
12532 18
12540 18
12551 18
12573 18
12621 18
12716 18
12772 18
12831 18
12885 18
12886 18
12889 18
12900 18
12917 18
12949 18
12974 18
12981 18
12988 18
13037 18
13136 18
13141 18
13151 18
13159 18
13180 18
13187 18
13199 18
13225 18
13263 18
13656 18
13708 18
13709 18
13715 18
13735 18
14212 18
14310 18
14314 18
14324 18
14393 18
14626 18
14666 18
14672 18
14697 18
14933 18
14949 18
14967 18
14969 18
14975 18
14984 18
14993 18
15005 18
15065 18
15093 18
15107 18
15162 18
15213 18
15226 18
15227 18
15240 18
15250 18
15263 18
15265 18
15270 18
15281 18
15296 18
15308 18
15324 18
15325 18
15345 18
15389 18
15468 18
15479 18
15511 18
15591 18
15598 18
15641 18
15674 18
15691 18
15703 18
15729 18
15768 18
15785 18
15816 18
15821 18
15892 18
15898 18
15909 18
15912 18
15967 18
15979 18
15987 18
15996 18
16023 18
16110 18
16152 18
16159 18
16202 18
16252 18
16264 18
16278 18
16312 18
16336 18
16339 18
16343 18
16354 18
16365 18
16369 18
16459 18
16481 18
16495 18
16496 18
16502 18
16521 18
16527 18
16574 18
16589 18
16597 18
16600 18
16604 18
16611 18
16644 18
16663 18
16680 18
16711 18
16718 18
16727 18
16824 18
16826 18
16885 18
16946 18
16983 18
16986 18
16992 18
17007 18
17015 18
17082 18
17095 18
17180 18
17186 18
17412 18
17488 18
17559 18
17589 18
17643 18
17644 18
17666 18
17682 18
17688 18
17694 18
17716 18
17738 18
17763 18
17775 18
17785 18
17809 18
17822 18
17825 18
17973 18
18038 18
18093 18
18187 18
18188 18
18252 18
18336 18
18339 18
18351 18
18355 18
18356 18
18430 18
18438 18
18688 18
18860 18
18904 18
18910 18
19127 18
19294 18
19297 18
19383 18
19409 18
19418 18
19572 18
19647 18
19702 18
19767 18
19837 18
19890 18
19930 18
20279 18
20340 18
20682 18
20699 18
20757 18
20931 18
20946 18
21036 18
21050 18
21060 18
21143 18
21291 18
21297 18
21301 18
21322 18
21382 18
21462 18
21503 18
68 19
157 19
162 19
185 19
260 19
272 19
302 19
331 19
345 19
377 19
379 19
436 19
497 19
687 19
736 19
797 19
904 19
932 19
939 19
941 19
960 19
971 19
978 19
982 19
1074 19
1076 19
1103 19
1238 19
1276 19
1335 19
1412 19
1480 19
1526 19
1601 19
1606 19
1622 19
1628 19
1659 19
1678 19
1918 19
2010 19
2013 19
2054 19
2102 19
2107 19
2126 19
2325 19
2410 19
2434 19
2532 19
2574 19
2578 19
2604 19
2660 19
2737 19
2867 19
2898 19
2933 19
2999 19
3038 19
3046 19
3063 19
3071 19
3093 19
3096 19
3251 19
3277 19
3302 19
3309 19
3367 19
3400 19
3409 19
3459 19
3469 19
3491 19
3592 19
3597 19
3607 19
3622 19
3684 19
3795 19
3916 19
4023 19
4043 19
4055 19
4069 19
4075 19
4097 19
4106 19
4266 19
4339 19
4493 19
4510 19
4518 19
4585 19
4586 19
4615 19
4622 19
4690 19
4807 19
4812 19
5102 19
5162 19
5203 19
5226 19
5228 19
5234 19
5295 19
5304 19
5350 19
5469 19
5541 19
5609 19
5667 19
5732 19
5762 19
5789 19
5808 19
5854 19
5868 19
5875 19
5900 19
5934 19
5947 19
6054 19
6090 19
6093 19
6101 19
6135 19
6278 19
6315 19
6335 19
6368 19
6373 19
6382 19
6428 19
6430 19
6434 19
6477 19
6537 19
6556 19
6562 19
6616 19
6707 19
6714 19
6767 19
6807 19
6818 19
6913 19
6944 19
6953 19
7024 19
7064 19
7090 19
7093 19
7234 19
7296 19
7341 19
7353 19
7354 19
7370 19
7391 19
7504 19
7548 19
7558 19
7593 19
7603 19
7604 19
7670 19
7737 19
7765 19
7825 19
7897 19
8021 19
8217 19
8220 19
8258 19
8287 19
8298 19
8367 19
8438 19
8496 19
8543 19
8567 19
8571 19
8689 19
8707 19
8748 19
8755 19
8756 19
8855 19
8861 19
8880 19
8906 19
8909 19
8987 19
8996 19
9020 19
9025 19
9147 19
9155 19
9192 19
9252 19
9279 19
9288 19
9302 19
9324 19
9432 19
9510 19
9538 19
9668 19
9734 19
9755 19
9779 19
9814 19
9925 19
9926 19
9954 19
9977 19
9984 19
10042 19
10052 19
10088 19
10171 19
10310 19
10311 19
10318 19
10371 19
10508 19
10563 19
10648 19
10721 19
10738 19
10744 19
10748 19
10794 19
10831 19
10901 19
10941 19
11095 19
11100 19
11104 19
11177 19
11201 19
11202 19
11205 19
11210 19
11236 19
11242 19
11249 19
11251 19
11252 19
11285 19
11378 19
11405 19
11465 19
11514 19
11523 19
11527 19
11623 19
11743 19
11791 19
11793 19
11808 19
11812 19
11822 19
11829 19
11833 19
11837 19
11847 19
11854 19
11860 19
11892 19
11923 19
11954 19
12132 19
12173 19
12213 19
12276 19
12409 19
12454 19
12460 19
12468 19
12524 19
12546 19
12600 19
12605 19
12668 19
12688 19
12751 19
12759 19
12775 19
12803 19
12852 19
12866 19
12878 19
12940 19
13054 19
13077 19
13103 19
13139 19
13435 19
13874 19
13966 19
14099 19
14154 19
14539 19
14542 19
14842 19
14865 19
14875 19
14907 19
14926 19
14941 19
15052 19
15111 19
15119 19
15121 19
15138 19
15146 19
15161 19
15217 19
15264 19
15311 19
15314 19
15337 19
15366 19
15396 19
15404 19
15421 19
15425 19
15429 19
15478 19
15494 19
15528 19
15545 19
15575 19
15595 19
15629 19
15639 19
15778 19
15879 19
15964 19
15995 19
16136 19
16155 19
16173 19
16457 19
16475 19
16510 19
16523 19
16570 19
16577 19
16747 19
16833 19
16941 19
16961 19
16997 19
17012 19
17039 19
17103 19
17148 19
17264 19
17314 19
17333 19
17457 19
17519 19
17551 19
17601 19
17701 19
17746 19
17766 19
17776 19
17787 19
17849 19
17907 19
17911 19
17950 19
17968 19
18101 19
18236 19
18435 19
18467 19
18504 19
18530 19
18570 19
18577 19
18752 19
18898 19
18921 19
18922 19
18975 19
19042 19
19087 19
19208 19
19290 19
19378 19
19380 19
19420 19
19453 19
19492 19
19540 19
19645 19
19663 19
19697 19
19773 19
19810 19
19839 19
19856 19
19950 19
19984 19
20035 19
20037 19
20328 19
20352 19
20396 19
20467 19
20485 19
20525 19
20584 19
20667 19
20693 19
21065 19
21097 19
21466 19
21538 19
21541 19
21576 19
